%YAML:1.0
---
image_width: 480
image_height: 854
camera_name: calibrated_camera
camera_matrix: !!opencv-matrix
   rows: 3
   cols: 3
   dt: d
   data: [ 4.4094667594068574e+02, 0., 2.5859697262439812e+02, 0.,
       4.4313406437397254e+02, 4.7326156765275505e+02, 0., 0., 1. ]
distortion_coefficients: !!opencv-matrix
   rows: 1
   cols: 5
   dt: d
   data: [ -6.5273569683915578e-01, 5.2154155139382112e+00,
       -2.1890147673690494e-02, 3.0099321235761763e-02,
       -1.5335864366382520e+01 ]
rectification_matrix: !!opencv-matrix
   rows: 3
   cols: 3
   dt: d
   data: [ 1., 0., 0., 0., 1., 0., 0., 0., 1. ]
projection_matrix: !!opencv-matrix
   rows: 3
   cols: 4
   dt: d
   data: [ 4.4094667594068574e+02, 0., 2.5859697262439812e+02, 0., 0.,
       4.4313406437397254e+02, 4.7326156765275505e+02, 0., 0., 0., 1.,
       0. ]
checkerboard_inner_corners:
   cols: 9
   rows: 6
   square_size_m: 2.4000000000000000e-02
