%YAML:1.0
---
image_width: 854
image_height: 480
camera_name: calibrated_camera
camera_matrix: !!opencv-matrix
   rows: 3
   cols: 3
   dt: d
   data: [ 5.4591907433476399e+02, 0., 4.6216306750037506e+02, 0.,
       5.4931322382687154e+02, 2.9070134586684190e+02, 0., 0., 1. ]
distortion_coefficients: !!opencv-matrix
   rows: 1
   cols: 5
   dt: d
   data: [ -1.7049381475524025e-01, 1.5621296759918526e+00,
       2.7778152363409237e-02, -2.1313122603551101e-03,
       -4.5167736719517961e+00 ]
rectification_matrix: !!opencv-matrix
   rows: 3
   cols: 3
   dt: d
   data: [ 1., 0., 0., 0., 1., 0., 0., 0., 1. ]
projection_matrix: !!opencv-matrix
   rows: 3
   cols: 4
   dt: d
   data: [ 5.4591907433476399e+02, 0., 4.6216306750037506e+02, 0., 0.,
       5.4931322382687154e+02, 2.9070134586684190e+02, 0., 0., 0., 1.,
       0. ]
checkerboard_inner_corners:
   cols: 9
   rows: 6
   square_size_m: 2.4000000000000000e-02
