%YAML:1.0
---
image_width: 4000
image_height: 1800
camera_name: calibrated_camera
camera_matrix: !!opencv-matrix
   rows: 3
   cols: 3
   dt: d
   data: [ 3.2023050097760197e+03, 0., 1.4965368058100926e+03, 0.,
       3.2381160607306938e+03, 1.3858441123217035e+03, 0., 0., 1. ]
distortion_coefficients: !!opencv-matrix
   rows: 1
   cols: 5
   dt: d
   data: [ -2.6711139525089089e-01, -6.7642281423421535e-01,
       -3.3758479191714772e-03, -5.3750400874481088e-03,
       3.1313937828049911e+00 ]
rectification_matrix: !!opencv-matrix
   rows: 3
   cols: 3
   dt: d
   data: [ 1., 0., 0., 0., 1., 0., 0., 0., 1. ]
projection_matrix: !!opencv-matrix
   rows: 3
   cols: 4
   dt: d
   data: [ 3.2023050097760197e+03, 0., 1.4965368058100926e+03, 0., 0.,
       3.2381160607306938e+03, 1.3858441123217035e+03, 0., 0., 0., 1.,
       0. ]
checkerboard_inner_corners:
   cols: 9
   rows: 6
   square_size_m: 2.4000000000000000e-02
