%YAML:1.0
---
image_width: 640
image_height: 480
camera_matrix: !!opencv-matrix
   rows: 3
   cols: 3
   dt: d
   data: [ 273.74169923633679, 0., 327.75654230082239, 0.,
       262.39464029328582, 234.58122736403035, 0., 0., 1. ]
distortion_coefficients: !!opencv-matrix
   rows: 1
   cols: 14
   dt: d
   data: [ -12.328246796788545, -135.36223370184948,
       0.025425416725271863, 0.0014701940669272541, 1739.3957024332612,
       -12.192700294250132, -137.5735801096686, 1750.9504633356416, 0.,
       0., 0., 0., 0., 0. ]
