%YAML:1.0
---
image_width: 640
image_height: 480
camera_matrix: !!opencv-matrix
   rows: 3
   cols: 3
   dt: d
   data: [ 528.45242873363077, 0., 248.38158016929231, 0.,
       533.35613507691721, 247.92400896060514, 0., 0., 1. ]
distortion_coefficients: !!opencv-matrix
   rows: 1
   cols: 14
   dt: d
   data: [ -35.818921607063238, 239.4490656208616, -0.025459222559809903,
       -0.0018853662194448721, 2907.83877652294, -35.78358818403256,
       239.26268010492547, 2925.6990711243088, 0., 0., 0., 0., 0., 0. ]
