%YAML:1.0
---
camera_matrix: !!opencv-matrix
   rows: 3
   cols: 3
   dt: d
   data: [ 5426.4608523232173, 0., 2108.8103669015286, 0.,
       5491.2278009492038, 890.09694806751952, 0., 0., 1. ]
distortion_coefficients: !!opencv-matrix
   rows: 1
   cols: 5
   dt: d
   data: [ 1.0630786465591824, -61.481743075843347,
       -0.029004895407242152, 0.010343636059526972, 1855.2731316764311 ]
image_width: 3840
image_height: 2160
